data size :  13
12.5 0.1882 0.0025 0.0025 0.0119 0.0119
19.8 0.1546 0.0008 0.0008 0.0081 0.0081
31.3 0.129 0.0007 0.0007 0.0068 0.0068
49.7 0.1084 0.0008 0.0008 0.0057 0.0057
78.7 0.0927 0.001 0.001 0.0049 0.0049
125.0 0.0803 0.0012 0.0012 0.0042 0.0042
198.0 0.0722 0.0017 0.0017 0.0038 0.0038
313.0 0.0678 0.0024 0.0024 0.0043 0.0043
497.0 0.0652 0.0034 0.0034 0.0041 0.0041
787.0 0.0588 0.0045 0.0045 0.0041 0.0041
1315.0 0.0529 0.0059 0.0059 0.0039 0.0039
2339.0 0.0499 0.0083 0.0083 0.0041 0.0041
4160.0 0.0532 0.0141 0.0141 0.0055 0.0055
