data size :  13
12.5 0.1926 0.0017 0.0017 0.0111 0.0111
19.8 0.1616 0.0007 0.0007 0.007 0.007
31.3 0.1373 0.0006 0.0006 0.0061 0.0061
49.7 0.1176 0.0007 0.0007 0.0051 0.0051
78.7 0.1015 0.001 0.001 0.0044 0.0044
125.0 0.0884 0.0013 0.0013 0.0038 0.0038
198.0 0.0794 0.0018 0.0018 0.0036 0.0036
313.0 0.073 0.0025 0.0025 0.0033 0.0033
497.0 0.0678 0.0035 0.0035 0.0031 0.0031
787.0 0.0624 0.0048 0.0048 0.0034 0.0034
1315.0 0.0594 0.0067 0.0067 0.0034 0.0034
2339.0 0.0532 0.0088 0.0088 0.0036 0.0036
4160.0 0.047 0.0125 0.0125 0.0038 0.0038
